Year,Category,Education,Salary
2004,BUS,Bachelor's,46630.625
2004,BUS,Doctorate,63104.125
2004,BUS,Master's/Professional,53710.375
2004,CLN,Bachelor's,16495.0
2004,CLN,Doctorate,21734.75
2004,CLN,Master's/Professional,15837.25
2004,CMM,Bachelor's,58152.125
2004,CMM,Doctorate,82107.25
2004,CMM,Master's/Professional,66617.875
2004,CMS,Bachelor's,27773.666666666668
2004,CMS,Doctorate,37312.166666666664
2004,CMS,Master's/Professional,34948.0
2004,CON,Bachelor's,25323.285714285714
2004,CON,Doctorate,36040.28571428572
2004,CON,Master's/Professional,26785.714285714286
2004,EAT,Bachelor's,15244.333333333334
2004,EAT,Doctorate,25118.5
2004,EAT,Master's/Professional,15371.5
2004,EDU,Bachelor's,25013.81818181818
2004,EDU,Doctorate,52045.36363636364
2004,EDU,Master's/Professional,32523.727272727272
2004,ENG,Bachelor's,62010.78571428572
2004,ENG,Doctorate,85455.35714285714
2004,ENG,Master's/Professional,70964.07142857143
2004,ENT,Bachelor's,32952.666666666664
2004,ENT,Doctorate,31165.133333333335
2004,ENT,Master's/Professional,37192.2
2004,FFF,Bachelor's,29580.5
2004,FFF,Doctorate,1494.5
2004,FFF,Master's/Professional,23317.0
2004,FIN,Bachelor's,52704.7
2004,FIN,Doctorate,54967.4
2004,FIN,Master's/Professional,67417.6
2004,HLS,Bachelor's,17897.6
2004,HLS,Doctorate,37830.4
2004,HLS,Master's/Professional,24576.0
2004,LGL,Bachelor's,41374.666666666664
2004,LGL,Doctorate,59056.666666666664
2004,LGL,Master's/Professional,59787.333333333336
2004,MED,Bachelor's,38833.23529411765
2004,MED,Doctorate,62759.0
2004,MED,Master's/Professional,42829.0
2004,MGR,Bachelor's,61477.53846153846
2004,MGR,Doctorate,74786.5
2004,MGR,Master's/Professional,71693.46153846153
2004,MIL,Bachelor's,51434.0
2004,MIL,Doctorate,90835.33333333333
2004,MIL,Master's/Professional,72502.66666666667
2004,OFF,Bachelor's,26675.515151515152
2004,OFF,Doctorate,40002.30303030303
2004,OFF,Master's/Professional,30417.242424242424
2004,PRD,Bachelor's,30020.6
2004,PRD,Doctorate,39318.4
2004,PRD,Master's/Professional,31013.9
2004,PRS,Bachelor's,18446.833333333332
2004,PRS,Doctorate,33310.0
2004,PRS,Master's/Professional,15959.083333333334
2004,PRT,Bachelor's,39115.0
2004,PRT,Doctorate,42101.71428571428
2004,PRT,Master's/Professional,41438.0
2004,RPR,Bachelor's,37639.5
2004,RPR,Doctorate,31871.3
2004,RPR,Master's/Professional,31729.9
2004,SAL,Bachelor's,44088.0
2004,SAL,Doctorate,68105.5
2004,SAL,Master's/Professional,51305.28571428572
2004,SCI,Bachelor's,36324.666666666664
2004,SCI,Doctorate,66656.44444444444
2004,SCI,Master's/Professional,45998.77777777778
2004,TRN,Bachelor's,32976.0
2004,TRN,Doctorate,19250.625
2004,TRN,Master's/Professional,37896.0
2005,BUS,Bachelor's,49891.6
2005,BUS,Doctorate,68112.8
2005,BUS,Master's/Professional,55619.5
2005,CLN,Bachelor's,20032.0
2005,CLN,Doctorate,9856.6
2005,CLN,Master's/Professional,19383.0
2005,CMM,Bachelor's,55687.88888888889
2005,CMM,Doctorate,78231.0
2005,CMM,Master's/Professional,65322.333333333336
2005,CMS,Bachelor's,27848.833333333332
2005,CMS,Doctorate,42476.833333333336
2005,CMS,Master's/Professional,34760.333333333336
2005,CON,Bachelor's,26882.0
2005,CON,Doctorate,26969.5
2005,CON,Master's/Professional,26438.5
2005,EAT,Bachelor's,16970.555555555555
2005,EAT,Doctorate,12278.0
2005,EAT,Master's/Professional,18842.0
2005,EDU,Bachelor's,25032.0
2005,EDU,Doctorate,36200.181818181816
2005,EDU,Master's/Professional,33421.818181818184
2005,ENG,Bachelor's,57482.933333333334
2005,ENG,Doctorate,73501.26666666666
2005,ENG,Master's/Professional,64406.46666666667
2005,ENT,Bachelor's,34135.8125
2005,ENT,Doctorate,29626.625
2005,ENT,Master's/Professional,38902.4375
2005,FFF,Bachelor's,28601.0
2005,FFF,Doctorate,25199.666666666668
2005,FFF,Master's/Professional,20707.666666666668
2005,FIN,Bachelor's,56206.63636363636
2005,FIN,Doctorate,69923.18181818182
2005,FIN,Master's/Professional,75075.0
2005,HLS,Bachelor's,19902.2
2005,HLS,Doctorate,35208.8
2005,HLS,Master's/Professional,25662.0
2005,LGL,Bachelor's,45335.0
2005,LGL,Doctorate,62670.0
2005,LGL,Master's/Professional,60190.0
2005,MED,Bachelor's,41937.565217391304
2005,MED,Doctorate,65494.34782608696
2005,MED,Master's/Professional,49968.391304347824
2005,MGR,Bachelor's,60972.09090909091
2005,MGR,Doctorate,79897.0
2005,MGR,Master's/Professional,74868.63636363637
2005,MIL,Bachelor's,44108.0
2005,MIL,Doctorate,65995.0
2005,MIL,Master's/Professional,70873.0
2005,OFF,Bachelor's,27696.34375
2005,OFF,Doctorate,34911.8125
2005,OFF,Master's/Professional,34310.53125
2005,PRD,Bachelor's,26701.608695652172
2005,PRD,Doctorate,30005.043478260868
2005,PRD,Master's/Professional,30299.956521739132
2005,PRS,Bachelor's,18142.30769230769
2005,PRS,Doctorate,24959.76923076923
2005,PRS,Master's/Professional,18014.076923076922
2005,PRT,Bachelor's,51629.1
2005,PRT,Doctorate,45931.5
2005,PRT,Master's/Professional,54237.0
2005,RPR,Bachelor's,36198.692307692305
2005,RPR,Doctorate,28769.923076923078
2005,RPR,Master's/Professional,34955.92307692308
2005,SAL,Bachelor's,50464.6
2005,SAL,Doctorate,53243.13333333333
2005,SAL,Master's/Professional,57715.46666666667
2005,SCI,Bachelor's,41335.8
2005,SCI,Doctorate,76457.4
2005,SCI,Master's/Professional,52976.6
2005,TRN,Bachelor's,34454.181818181816
2005,TRN,Doctorate,37463.36363636364
2005,TRN,Master's/Professional,37301.63636363636
2006,BUS,Bachelor's,57151.625
2006,BUS,Doctorate,85766.75
2006,BUS,Master's/Professional,69174.375
2006,CLN,Bachelor's,30444.5
2006,CLN,Doctorate,44709.833333333336
2006,CLN,Master's/Professional,33932.5
2006,CMM,Bachelor's,67077.3
2006,CMM,Doctorate,101098.6
2006,CMM,Master's/Professional,78606.7
2006,CMS,Bachelor's,30638.333333333332
2006,CMS,Doctorate,49233.166666666664
2006,CMS,Master's/Professional,39757.333333333336
2006,CON,Bachelor's,39613.6
2006,CON,Doctorate,42490.5
2006,CON,Master's/Professional,52240.1
2006,EAT,Bachelor's,19800.2
2006,EAT,Doctorate,48393.1
2006,EAT,Master's/Professional,21847.8
2006,EDU,Bachelor's,29183.3
2006,EDU,Doctorate,48107.0
2006,EDU,Master's/Professional,40407.7
2006,ENG,Bachelor's,70899.85714285714
2006,ENG,Doctorate,89842.21428571429
2006,ENG,Master's/Professional,78637.35714285714
2006,ENT,Bachelor's,46059.1875
2006,ENT,Doctorate,54320.0
2006,ENT,Master's/Professional,55481.625
2006,FFF,Bachelor's,31687.333333333332
2006,FFF,Doctorate,13054.333333333334
2006,FFF,Master's/Professional,62503.333333333336
2006,FIN,Bachelor's,66403.11111111111
2006,FIN,Doctorate,90949.77777777778
2006,FIN,Master's/Professional,98571.11111111111
2006,HLS,Bachelor's,23249.4
2006,HLS,Doctorate,29468.0
2006,HLS,Master's/Professional,32324.6
2006,LGL,Bachelor's,40219.0
2006,LGL,Doctorate,48986.5
2006,LGL,Master's/Professional,55167.0
2006,MED,Bachelor's,50072.23809523809
2006,MED,Doctorate,72678.57142857143
2006,MED,Master's/Professional,56186.619047619046
2006,MGR,Bachelor's,68942.13043478261
2006,MGR,Doctorate,93178.82608695653
2006,MGR,Master's/Professional,86432.86956521739
2006,MIL,Bachelor's,49592.0
2006,MIL,Doctorate,62394.0
2006,MIL,Master's/Professional,71918.0
2006,OFF,Bachelor's,32403.375
2006,OFF,Doctorate,41834.59375
2006,OFF,Master's/Professional,37949.375
2006,PRD,Bachelor's,41185.681818181816
2006,PRD,Doctorate,65869.36363636363
2006,PRD,Master's/Professional,40049.0
2006,PRS,Bachelor's,25140.416666666668
2006,PRS,Doctorate,24936.833333333332
2006,PRS,Master's/Professional,25962.5
2006,PRT,Bachelor's,57728.555555555555
2006,PRT,Doctorate,56278.11111111111
2006,PRT,Master's/Professional,64977.333333333336
2006,RPR,Bachelor's,48555.818181818184
2006,RPR,Doctorate,48053.36363636364
2006,RPR,Master's/Professional,54820.36363636364
2006,SAL,Bachelor's,56581.705882352944
2006,SAL,Doctorate,63524.58823529412
2006,SAL,Master's/Professional,68286.05882352941
2006,SCI,Bachelor's,48421.53846153846
2006,SCI,Doctorate,82528.07692307692
2006,SCI,Master's/Professional,60252.38461538462
2006,TRN,Bachelor's,39997.454545454544
2006,TRN,Doctorate,34369.0
2006,TRN,Master's/Professional,46314.818181818184
2007,BUS,Bachelor's,61358.8
2007,BUS,Doctorate,83727.1
2007,BUS,Master's/Professional,77185.6
2007,CLN,Bachelor's,32049.8
2007,CLN,Doctorate,20202.0
2007,CLN,Master's/Professional,32609.4
2007,CMM,Bachelor's,71079.7
2007,CMM,Doctorate,92417.0
2007,CMM,Master's/Professional,83119.4
2007,CMS,Bachelor's,31926.166666666668
2007,CMS,Doctorate,48351.166666666664
2007,CMS,Master's/Professional,40657.166666666664
2007,CON,Bachelor's,39169.555555555555
2007,CON,Doctorate,37998.0
2007,CON,Master's/Professional,43997.333333333336
2007,EAT,Bachelor's,19859.333333333332
2007,EAT,Doctorate,28830.222222222223
2007,EAT,Master's/Professional,20575.444444444445
2007,EDU,Bachelor's,29201.090909090908
2007,EDU,Doctorate,46541.72727272727
2007,EDU,Master's/Professional,40867.27272727273
2007,ENG,Bachelor's,72543.93333333333
2007,ENG,Doctorate,94561.26666666666
2007,ENG,Master's/Professional,81200.46666666666
2007,ENT,Bachelor's,47465.294117647056
2007,ENT,Doctorate,48426.882352941175
2007,ENT,Master's/Professional,54210.529411764706
2007,EXT,Bachelor's,45818.0
2007,EXT,Doctorate,21000.0
2007,EXT,Master's/Professional,81000.0
2007,FFF,Bachelor's,50483.25
2007,FFF,Doctorate,69979.0
2007,FFF,Master's/Professional,42251.75
2007,FIN,Bachelor's,67970.66666666667
2007,FIN,Doctorate,97277.75
2007,FIN,Master's/Professional,99566.0
2007,HLS,Bachelor's,25025.8
2007,HLS,Doctorate,39398.4
2007,HLS,Master's/Professional,32247.4
2007,LGL,Bachelor's,43174.5
2007,LGL,Doctorate,51865.5
2007,LGL,Master's/Professional,51758.0
2007,MED,Bachelor's,50636.434782608696
2007,MED,Doctorate,75095.52173913043
2007,MED,Master's/Professional,58859.086956521736
2007,MGR,Bachelor's,72979.86956521739
2007,MGR,Doctorate,105699.47826086957
2007,MGR,Master's/Professional,89295.69565217392
2007,MIL,Bachelor's,51105.0
2007,MIL,Doctorate,63110.0
2007,MIL,Master's/Professional,81180.0
2007,OFF,Bachelor's,34753.93548387097
2007,OFF,Doctorate,38188.6129032258
2007,OFF,Master's/Professional,37256.1935483871
2007,PRD,Bachelor's,36012.84
2007,PRD,Doctorate,46631.76
2007,PRD,Master's/Professional,39704.32
2007,PRS,Bachelor's,25815.69230769231
2007,PRS,Doctorate,46283.61538461538
2007,PRS,Master's/Professional,27949.384615384617
2007,PRT,Bachelor's,55612.90909090909
2007,PRT,Doctorate,55791.0
2007,PRT,Master's/Professional,64030.09090909091
2007,RPR,Bachelor's,46865.09090909091
2007,RPR,Doctorate,50987.63636363636
2007,RPR,Master's/Professional,48081.09090909091
2007,SAL,Bachelor's,61564.470588235294
2007,SAL,Doctorate,70399.70588235294
2007,SAL,Master's/Professional,70311.23529411765
2007,SCI,Bachelor's,54449.5
2007,SCI,Doctorate,106888.42857142857
2007,SCI,Master's/Professional,64952.857142857145
2007,TRN,Bachelor's,42835.07142857143
2007,TRN,Doctorate,42464.42857142857
2007,TRN,Master's/Professional,43421.71428571428
2008,BUS,Bachelor's,22579.14285714286
2008,BUS,Doctorate,34020.0
2008,BUS,Master's/Professional,23420.428571428572
2008,CLN,Bachelor's,17374.0
2008,CLN,Doctorate,19903.0
2008,CLN,Master's/Professional,16291.333333333334
2008,CMM,Bachelor's,42025.0
2008,CMM,Doctorate,47552.5
2008,CMM,Master's/Professional,26566.0
2008,CMS,Bachelor's,12892.8
2008,CMS,Doctorate,23654.2
2008,CMS,Master's/Professional,17546.8
2008,CON,Bachelor's,22325.185185185186
2008,CON,Doctorate,29456.814814814814
2008,CON,Master's/Professional,22929.11111111111
2008,EAT,Bachelor's,7651.363636363636
2008,EAT,Doctorate,13003.181818181818
2008,EAT,Master's/Professional,8703.0
2008,EDU,Bachelor's,13750.714285714286
2008,EDU,Doctorate,19915.0
2008,EDU,Master's/Professional,15805.57142857143
2008,ENG,Bachelor's,47471.75
2008,ENG,Doctorate,42741.5
2008,ENG,Master's/Professional,37750.5
2008,ENT,Bachelor's,11691.8
2008,ENT,Doctorate,20291.8
2008,ENT,Master's/Professional,12224.2
2008,EXT,Bachelor's,38408.5
2008,EXT,Doctorate,42613.0
2008,EXT,Master's/Professional,33906.75
2008,FFF,Bachelor's,11714.833333333334
2008,FFF,Doctorate,19753.5
2008,FFF,Master's/Professional,14416.833333333334
2008,FIN,Bachelor's,24012.75
2008,FIN,Doctorate,32110.5
2008,FIN,Master's/Professional,23784.25
2008,HLS,Bachelor's,13114.5
2008,HLS,Doctorate,17584.5
2008,HLS,Master's/Professional,12455.75
2008,MED,Bachelor's,45158.88888888889
2008,MED,Doctorate,40142.77777777778
2008,MED,Master's/Professional,35043.11111111111
2008,MGR,Bachelor's,31617.8
2008,MGR,Doctorate,42146.933333333334
2008,MGR,Master's/Professional,34831.6
2008,MIL,Bachelor's,22804.0
2008,MIL,Doctorate,27488.0
2008,MIL,Master's/Professional,18226.0
2008,OFF,Bachelor's,13289.6875
2008,OFF,Doctorate,22974.625
2008,OFF,Master's/Professional,15721.90625
2008,PRD,Bachelor's,18020.51785714286
2008,PRD,Doctorate,26624.10714285714
2008,PRD,Master's/Professional,20396.285714285714
2008,PRS,Bachelor's,7910.533333333334
2008,PRS,Doctorate,14842.6
2008,PRS,Master's/Professional,11472.066666666668
2008,PRT,Bachelor's,26024.666666666668
2008,PRT,Doctorate,31936.833333333332
2008,PRT,Master's/Professional,25757.0
2008,RPR,Bachelor's,23211.137931034482
2008,RPR,Doctorate,32831.68965517241
2008,RPR,Master's/Professional,24731.379310344826
2008,SAL,Bachelor's,19937.375
2008,SAL,Doctorate,25832.625
2008,SAL,Master's/Professional,18211.4375
2008,SCI,Bachelor's,14787.25
2008,SCI,Doctorate,28419.25
2008,SCI,Master's/Professional,15669.0
2008,TRN,Bachelor's,22376.526315789473
2008,TRN,Doctorate,29361.105263157893
2008,TRN,Master's/Professional,22234.63157894737
2009,BUS,Bachelor's,22276.5
2009,BUS,Doctorate,34715.75
2009,BUS,Master's/Professional,29006.0
2009,CLN,Bachelor's,15079.0
2009,CLN,Doctorate,19532.166666666668
2009,CLN,Master's/Professional,15438.333333333334
2009,CMM,Bachelor's,26525.5
2009,CMM,Doctorate,45116.5
2009,CMM,Master's/Professional,28033.5
2009,CMS,Bachelor's,13153.2
2009,CMS,Doctorate,21909.0
2009,CMS,Master's/Professional,13661.4
2009,CON,Bachelor's,19540.08
2009,CON,Doctorate,27341.88
2009,CON,Master's/Professional,20750.12
2009,EAT,Bachelor's,7819.0
2009,EAT,Doctorate,12587.636363636364
2009,EAT,Master's/Professional,8414.545454545454
2009,EDU,Bachelor's,23843.166666666668
2009,EDU,Doctorate,27328.0
2009,EDU,Master's/Professional,25334.166666666668
2009,ENG,Bachelor's,29056.666666666668
2009,ENG,Doctorate,35379.333333333336
2009,ENG,Master's/Professional,19382.666666666668
2009,ENT,Bachelor's,8416.0
2009,ENT,Doctorate,15917.142857142857
2009,ENT,Master's/Professional,9552.714285714286
2009,EXT,Bachelor's,32585.75
2009,EXT,Doctorate,45571.5
2009,EXT,Master's/Professional,33682.5
2009,FFF,Bachelor's,13274.57142857143
2009,FFF,Doctorate,18278.714285714286
2009,FFF,Master's/Professional,10024.714285714286
2009,FIN,Bachelor's,23651.0
2009,FIN,Doctorate,26579.666666666668
2009,FIN,Master's/Professional,41528.333333333336
2009,HLS,Bachelor's,15333.2
2009,HLS,Doctorate,18668.0
2009,HLS,Master's/Professional,16576.4
2009,LGL,Bachelor's,20773.0
2009,LGL,Doctorate,29825.0
2009,LGL,Master's/Professional,30959.0
2009,MED,Bachelor's,20570.5
2009,MED,Doctorate,26828.833333333332
2009,MED,Master's/Professional,25928.666666666668
2009,MGR,Bachelor's,27106.3125
2009,MGR,Doctorate,38042.125
2009,MGR,Master's/Professional,32048.5
2009,MIL,Bachelor's,11325.0
2009,MIL,Doctorate,28300.0
2009,MIL,Master's/Professional,8051.0
2009,OFF,Bachelor's,16572.344827586207
2009,OFF,Doctorate,23820.310344827587
2009,OFF,Master's/Professional,17136.137931034482
2009,PRD,Bachelor's,17250.491228070176
2009,PRD,Doctorate,25665.56140350877
2009,PRD,Master's/Professional,19328.22807017544
2009,PRS,Bachelor's,10608.692307692309
2009,PRS,Doctorate,15184.461538461539
2009,PRS,Master's/Professional,11110.846153846154
2009,PRT,Bachelor's,12216.4
2009,PRT,Doctorate,30586.4
2009,PRT,Master's/Professional,18840.6
2009,RPR,Bachelor's,23593.137931034482
2009,RPR,Doctorate,32081.379310344826
2009,RPR,Master's/Professional,22607.275862068964
2009,SAL,Bachelor's,14221.266666666666
2009,SAL,Doctorate,23074.933333333334
2009,SAL,Master's/Professional,15509.533333333333
2009,SCI,Bachelor's,15018.333333333334
2009,SCI,Doctorate,34623.333333333336
2009,SCI,Master's/Professional,22894.666666666668
2009,TRN,Bachelor's,17563.5625
2009,TRN,Doctorate,25333.0625
2009,TRN,Master's/Professional,19167.125
2010,BUS,Bachelor's,20798.2
2010,BUS,Doctorate,33865.6
2010,BUS,Master's/Professional,29569.8
2010,CLN,Bachelor's,14304.333333333334
2010,CLN,Doctorate,18665.0
2010,CLN,Master's/Professional,14927.166666666666
2010,CMS,Bachelor's,8909.75
2010,CMS,Doctorate,22739.75
2010,CMS,Master's/Professional,13947.0
2010,CON,Bachelor's,18264.72
2010,CON,Doctorate,25139.2
2010,CON,Master's/Professional,19649.56
2010,EAT,Bachelor's,7800.272727272727
2010,EAT,Doctorate,12481.09090909091
2010,EAT,Master's/Professional,8559.545454545454
2010,EDU,Bachelor's,24370.166666666668
2010,EDU,Doctorate,21917.333333333332
2010,EDU,Master's/Professional,21235.666666666668
2010,ENG,Bachelor's,14415.0
2010,ENG,Doctorate,36525.5
2010,ENG,Master's/Professional,25100.0
2010,ENT,Bachelor's,7002.0
2010,ENT,Doctorate,17091.571428571428
2010,ENT,Master's/Professional,9558.857142857143
2010,EXT,Bachelor's,32820.75
2010,EXT,Doctorate,42060.5
2010,EXT,Master's/Professional,32693.5
2010,FFF,Bachelor's,12759.8
2010,FFF,Doctorate,15277.2
2010,FFF,Master's/Professional,10837.6
2010,FIN,Bachelor's,74649.5
2010,FIN,Doctorate,34525.5
2010,FIN,Master's/Professional,29895.0
2010,HLS,Bachelor's,10862.5
2010,HLS,Doctorate,18473.0
2010,HLS,Master's/Professional,12923.5
2010,LGL,Bachelor's,24787.5
2010,LGL,Doctorate,34842.0
2010,LGL,Master's/Professional,25211.0
2010,MED,Bachelor's,15679.0
2010,MED,Doctorate,27546.333333333332
2010,MED,Master's/Professional,18730.166666666668
2010,MGR,Bachelor's,29378.928571428572
2010,MGR,Doctorate,41367.42857142857
2010,MGR,Master's/Professional,31617.928571428572
2010,OFF,Bachelor's,14532.172413793103
2010,OFF,Doctorate,23261.310344827587
2010,OFF,Master's/Professional,15327.551724137931
2010,PRD,Bachelor's,16280.56
2010,PRD,Doctorate,24341.6
2010,PRD,Master's/Professional,18381.74
2010,PRS,Bachelor's,7266.166666666667
2010,PRS,Doctorate,13070.333333333334
2010,PRS,Master's/Professional,8703.666666666666
2010,PRT,Bachelor's,18771.25
2010,PRT,Doctorate,28471.75
2010,PRT,Master's/Professional,20412.5
2010,RPR,Bachelor's,22588.62962962963
2010,RPR,Doctorate,31187.51851851852
2010,RPR,Master's/Professional,23625.296296296296
2010,SAL,Bachelor's,15571.357142857143
2010,SAL,Doctorate,22709.928571428572
2010,SAL,Master's/Professional,15567.5
2010,SCI,Bachelor's,15394.0
2010,SCI,Doctorate,32441.0
2010,SCI,Master's/Professional,19877.5
2010,TRN,Bachelor's,17584.0
2010,TRN,Doctorate,27664.684210526317
2010,TRN,Master's/Professional,21300.42105263158
2011,BUS,Bachelor's,18933.666666666668
2011,BUS,Doctorate,39136.0
2011,BUS,Master's/Professional,42720.0
2011,CLN,Bachelor's,13050.166666666666
2011,CLN,Doctorate,19197.666666666668
2011,CLN,Master's/Professional,13718.5
2011,CMS,Bachelor's,10734.666666666666
2011,CMS,Doctorate,21239.666666666668
2011,CMS,Master's/Professional,16985.666666666668
2011,CON,Bachelor's,19966.6
2011,CON,Doctorate,26810.72
2011,CON,Master's/Professional,19940.52
2011,EAT,Bachelor's,7756.272727272727
2011,EAT,Doctorate,12390.181818181818
2011,EAT,Master's/Professional,8918.0
2011,EDU,Bachelor's,15806.8
2011,EDU,Doctorate,20160.2
2011,EDU,Master's/Professional,16375.6
2011,ENG,Bachelor's,24389.0
2011,ENG,Doctorate,40891.0
2011,ENG,Master's/Professional,31702.0
2011,ENT,Bachelor's,5088.0
2011,ENT,Doctorate,16528.666666666668
2011,ENT,Master's/Professional,10747.5
2011,EXT,Bachelor's,29108.75
2011,EXT,Doctorate,43896.0
2011,EXT,Master's/Professional,40370.5
2011,FFF,Bachelor's,15647.0
2011,FFF,Doctorate,17887.0
2011,FFF,Master's/Professional,12327.833333333334
2011,FIN,Bachelor's,49378.0
2011,FIN,Doctorate,23098.5
2011,FIN,Master's/Professional,29322.0
2011,HLS,Bachelor's,14404.75
2011,HLS,Doctorate,17447.0
2011,HLS,Master's/Professional,10675.5
2011,LGL,Bachelor's,16605.0
2011,LGL,Doctorate,30409.0
2011,LGL,Master's/Professional,23527.0
2011,MED,Bachelor's,34209.75
2011,MED,Doctorate,26178.0
2011,MED,Master's/Professional,17455.5
2011,MGR,Bachelor's,32858.583333333336
2011,MGR,Doctorate,41885.25
2011,MGR,Master's/Professional,32591.25
2011,OFF,Bachelor's,15384.5
2011,OFF,Doctorate,23197.625
2011,OFF,Master's/Professional,15294.875
2011,PRD,Bachelor's,17278.058823529413
2011,PRD,Doctorate,24757.176470588234
2011,PRD,Master's/Professional,18124.117647058825
2011,PRS,Bachelor's,8170.25
2011,PRS,Doctorate,13364.333333333334
2011,PRS,Master's/Professional,9973.333333333334
2011,PRT,Bachelor's,12919.75
2011,PRT,Doctorate,30193.0
2011,PRT,Master's/Professional,14217.75
2011,RPR,Bachelor's,22915.46153846154
2011,RPR,Doctorate,32340.846153846152
2011,RPR,Master's/Professional,22531.884615384617
2011,SAL,Bachelor's,12065.538461538461
2011,SAL,Doctorate,24698.076923076922
2011,SAL,Master's/Professional,16049.692307692309
2011,SCI,Bachelor's,26408.0
2011,SCI,Doctorate,40593.666666666664
2011,SCI,Master's/Professional,19759.0
2011,TRN,Bachelor's,21725.666666666668
2011,TRN,Doctorate,27269.722222222223
2011,TRN,Master's/Professional,23602.722222222223
2012,BUS,Bachelor's,16318.0
2012,BUS,Doctorate,30424.333333333332
2012,BUS,Master's/Professional,26789.0
2012,CLN,Bachelor's,13979.5
2012,CLN,Doctorate,20293.833333333332
2012,CLN,Master's/Professional,14698.166666666666
2012,CMS,Bachelor's,15022.5
2012,CMS,Doctorate,21820.0
2012,CMS,Master's/Professional,17197.25
2012,CON,Bachelor's,17868.68181818182
2012,CON,Doctorate,28380.090909090908
2012,CON,Master's/Professional,22637.454545454544
2012,EAT,Bachelor's,8016.727272727273
2012,EAT,Doctorate,12823.181818181818
2012,EAT,Master's/Professional,8755.363636363636
2012,EDU,Bachelor's,18241.166666666668
2012,EDU,Doctorate,23259.833333333332
2012,EDU,Master's/Professional,27889.333333333332
2012,ENG,Bachelor's,16365.5
2012,ENG,Doctorate,41052.5
2012,ENG,Master's/Professional,34523.0
2012,ENT,Bachelor's,9059.285714285714
2012,ENT,Doctorate,17487.714285714286
2012,ENT,Master's/Professional,10775.57142857143
2012,EXT,Bachelor's,29372.0
2012,EXT,Doctorate,45695.5
2012,EXT,Master's/Professional,45173.75
2012,FFF,Bachelor's,11748.833333333334
2012,FFF,Doctorate,18739.833333333332
2012,FFF,Master's/Professional,10445.666666666666
2012,FIN,Bachelor's,44147.5
2012,FIN,Doctorate,23676.5
2012,FIN,Master's/Professional,18040.0
2012,HLS,Bachelor's,15512.8
2012,HLS,Doctorate,17604.2
2012,HLS,Master's/Professional,13782.6
2012,MED,Bachelor's,26985.6
2012,MED,Doctorate,29758.6
2012,MED,Master's/Professional,20635.6
2012,MGR,Bachelor's,34895.90909090909
2012,MGR,Doctorate,40803.454545454544
2012,MGR,Master's/Professional,32251.454545454544
2012,MIL,Bachelor's,14213.0
2012,MIL,Doctorate,28050.0
2012,MIL,Master's/Professional,11824.0
2012,OFF,Bachelor's,16381.518518518518
2012,OFF,Doctorate,24964.666666666668
2012,OFF,Master's/Professional,18668.185185185186
2012,PRD,Bachelor's,17309.488372093023
2012,PRD,Doctorate,26263.023255813954
2012,PRD,Master's/Professional,17928.25581395349
2012,PRS,Bachelor's,8671.142857142857
2012,PRS,Doctorate,14989.285714285714
2012,PRS,Master's/Professional,10556.642857142857
2012,PRT,Bachelor's,19325.8
2012,PRT,Doctorate,29294.0
2012,PRT,Master's/Professional,24194.0
2012,RPR,Bachelor's,21988.24
2012,RPR,Doctorate,33115.44
2012,RPR,Master's/Professional,23784.84
2012,SAL,Bachelor's,14860.642857142857
2012,SAL,Doctorate,23472.5
2012,SAL,Master's/Professional,18453.785714285714
2012,SCI,Bachelor's,30808.5
2012,SCI,Doctorate,34123.5
2012,SCI,Master's/Professional,25022.5
2012,TRN,Bachelor's,17428.823529411766
2012,TRN,Doctorate,26546.882352941175
2012,TRN,Master's/Professional,22442.470588235294
2013,BUS,Bachelor's,31581.166666666668
2013,BUS,Doctorate,48911.5
2013,BUS,Master's/Professional,48702.0
2013,CLN,Bachelor's,20605.833333333332
2013,CLN,Doctorate,27747.666666666668
2013,CLN,Master's/Professional,21359.666666666668
2013,CMS,Bachelor's,16474.8
2013,CMS,Doctorate,24445.2
2013,CMS,Master's/Professional,22319.0
2013,CON,Bachelor's,29084.761904761905
2013,CON,Doctorate,36592.142857142855
2013,CON,Master's/Professional,28877.85714285714
2013,EAT,Bachelor's,9691.454545454546
2013,EAT,Doctorate,14978.09090909091
2013,EAT,Master's/Professional,10651.454545454546
2013,EDU,Bachelor's,28348.0
2013,EDU,Doctorate,39549.833333333336
2013,EDU,Master's/Professional,33111.5
2013,ENG,Bachelor's,41329.0
2013,ENG,Doctorate,46093.5
2013,ENG,Master's/Professional,38132.0
2013,ENT,Bachelor's,15048.714285714286
2013,ENT,Doctorate,30495.14285714286
2013,ENT,Master's/Professional,14252.57142857143
2013,EXT,Bachelor's,47969.25
2013,EXT,Doctorate,56519.75
2013,EXT,Master's/Professional,51398.5
2013,FFF,Bachelor's,14501.2
2013,FFF,Doctorate,24154.4
2013,FFF,Master's/Professional,17733.0
2013,FIN,Bachelor's,55745.0
2013,FIN,Doctorate,37574.0
2013,FIN,Master's/Professional,36020.333333333336
2013,HLS,Bachelor's,14767.666666666666
2013,HLS,Doctorate,23526.333333333332
2013,HLS,Master's/Professional,17468.0
2013,LGL,Bachelor's,27748.0
2013,LGL,Doctorate,42447.0
2013,LGL,Master's/Professional,25541.0
2013,MED,Bachelor's,40608.57142857143
2013,MED,Doctorate,45741.42857142857
2013,MED,Master's/Professional,49834.0
2013,MGR,Bachelor's,53055.11111111111
2013,MGR,Doctorate,53133.11111111111
2013,MGR,Master's/Professional,44701.444444444445
2013,MIL,Bachelor's,23036.0
2013,MIL,Doctorate,30520.0
2013,MIL,Master's/Professional,30862.0
2013,OFF,Bachelor's,21444.791666666668
2013,OFF,Doctorate,29372.458333333332
2013,OFF,Master's/Professional,20070.041666666668
2013,PRD,Bachelor's,24720.43181818182
2013,PRD,Doctorate,31743.386363636364
2013,PRD,Master's/Professional,25499.31818181818
2013,PRS,Bachelor's,11511.416666666666
2013,PRS,Doctorate,20925.166666666668
2013,PRS,Master's/Professional,14472.0
2013,PRT,Bachelor's,30952.333333333332
2013,PRT,Doctorate,27390.333333333332
2013,PRT,Master's/Professional,19683.333333333332
2013,RPR,Bachelor's,32543.36842105263
2013,RPR,Doctorate,41628.10526315789
2013,RPR,Master's/Professional,34362.63157894737
2013,SAL,Bachelor's,22288.466666666667
2013,SAL,Doctorate,31787.6
2013,SAL,Master's/Professional,22276.0
2013,SCI,Bachelor's,16368.0
2013,SCI,Doctorate,41712.0
2013,SCI,Master's/Professional,14291.0
2013,TRN,Bachelor's,26176.222222222223
2013,TRN,Doctorate,33349.88888888889
2013,TRN,Master's/Professional,28452.944444444445
2014,BUS,Bachelor's,34538.25
2014,BUS,Doctorate,44458.75
2014,BUS,Master's/Professional,37979.0
2014,CLN,Bachelor's,19692.5
2014,CLN,Doctorate,26203.5
2014,CLN,Master's/Professional,21423.333333333332
2014,CMS,Bachelor's,17017.5
2014,CMS,Doctorate,25856.0
2014,CMS,Master's/Professional,23896.0
2014,CON,Bachelor's,27508.63157894737
2014,CON,Doctorate,36761.26315789474
2014,CON,Master's/Professional,32003.526315789473
2014,EAT,Bachelor's,10209.454545454546
2014,EAT,Doctorate,15551.727272727272
2014,EAT,Master's/Professional,10788.09090909091
2014,EDU,Bachelor's,11327.4
2014,EDU,Doctorate,19329.8
2014,EDU,Master's/Professional,16140.4
2014,ENG,Bachelor's,33965.0
2014,ENG,Doctorate,49376.0
2014,ENG,Master's/Professional,38146.5
2014,ENT,Bachelor's,20617.25
2014,ENT,Doctorate,28723.5
2014,ENT,Master's/Professional,14655.5
2014,EXT,Bachelor's,59380.75
2014,EXT,Doctorate,56218.0
2014,EXT,Master's/Professional,52194.0
2014,FFF,Bachelor's,17065.0
2014,FFF,Doctorate,24075.6
2014,FFF,Master's/Professional,15741.8
2014,FIN,Bachelor's,3890.0
2014,FIN,Doctorate,23058.0
2014,FIN,Master's/Professional,11796.0
2014,HLS,Bachelor's,18649.75
2014,HLS,Doctorate,22639.0
2014,HLS,Master's/Professional,17147.0
2014,LGL,Bachelor's,1000.0
2014,LGL,Doctorate,46042.0
2014,LGL,Master's/Professional,38666.0
2014,MED,Bachelor's,28212.5
2014,MED,Doctorate,35648.75
2014,MED,Master's/Professional,21288.75
2014,MGR,Bachelor's,55204.36363636364
2014,MGR,Doctorate,53599.818181818184
2014,MGR,Master's/Professional,50019.454545454544
2014,OFF,Bachelor's,19462.260869565216
2014,OFF,Doctorate,28153.391304347828
2014,OFF,Master's/Professional,21172.782608695652
2014,PRD,Bachelor's,25546.837209302324
2014,PRD,Doctorate,32996.72093023256
2014,PRD,Master's/Professional,27072.581395348836
2014,PRS,Bachelor's,13100.727272727272
2014,PRS,Doctorate,18838.636363636364
2014,PRS,Master's/Professional,12758.90909090909
2014,PRT,Bachelor's,31036.0
2014,PRT,Doctorate,29908.0
2014,PRT,Master's/Professional,28932.666666666668
2014,RPR,Bachelor's,32773.12
2014,RPR,Doctorate,40964.88
2014,RPR,Master's/Professional,36785.12
2014,SAL,Bachelor's,17747.64285714286
2014,SAL,Doctorate,30950.64285714286
2014,SAL,Master's/Professional,22075.571428571428
2014,SCI,Bachelor's,43931.0
2014,SCI,Doctorate,46956.0
2014,SCI,Master's/Professional,31314.0
2014,TRN,Bachelor's,26203.833333333332
2014,TRN,Doctorate,33794.666666666664
2014,TRN,Master's/Professional,26777.222222222223
2015,BUS,Bachelor's,28818.0
2015,BUS,Doctorate,47930.8
2015,BUS,Master's/Professional,42575.0
2015,CLN,Bachelor's,21515.666666666668
2015,CLN,Doctorate,27731.5
2015,CLN,Master's/Professional,22360.666666666668
2015,CMS,Bachelor's,18868.75
2015,CMS,Doctorate,27895.75
2015,CMS,Master's/Professional,17609.5
2015,CON,Bachelor's,30775.35
2015,CON,Doctorate,39116.4
2015,CON,Master's/Professional,30830.9
2015,EAT,Bachelor's,9723.727272727272
2015,EAT,Doctorate,15972.363636363636
2015,EAT,Master's/Professional,10934.363636363636
2015,EDU,Bachelor's,12120.2
2015,EDU,Doctorate,18601.6
2015,EDU,Master's/Professional,13342.0
2015,ENG,Bachelor's,48017.0
2015,ENG,Doctorate,57109.666666666664
2015,ENG,Master's/Professional,38505.666666666664
2015,ENT,Bachelor's,17594.5
2015,ENT,Doctorate,35863.0
2015,ENT,Master's/Professional,23783.375
2015,EXT,Bachelor's,45922.666666666664
2015,EXT,Doctorate,67778.0
2015,EXT,Master's/Professional,53137.333333333336
2015,FFF,Bachelor's,26041.833333333332
2015,FFF,Doctorate,24857.833333333332
2015,FFF,Master's/Professional,22502.833333333332
2015,HLS,Bachelor's,17220.666666666668
2015,HLS,Doctorate,22640.0
2015,HLS,Master's/Professional,19006.666666666668
2015,LGL,Bachelor's,20250.0
2015,LGL,Doctorate,43438.0
2015,LGL,Master's/Professional,28029.0
2015,MED,Bachelor's,68799.28571428571
2015,MED,Doctorate,72630.57142857143
2015,MED,Master's/Professional,72506.57142857143
2015,MGR,Bachelor's,45692.142857142855
2015,MGR,Doctorate,54036.42857142857
2015,MGR,Master's/Professional,48304.21428571428
2015,OFF,Bachelor's,20227.785714285714
2015,OFF,Doctorate,30402.0
2015,OFF,Master's/Professional,24147.0
2015,PRD,Bachelor's,25968.170731707316
2015,PRD,Doctorate,32547.048780487807
2015,PRD,Master's/Professional,26026.09756097561
2015,PRS,Bachelor's,14174.083333333334
2015,PRS,Doctorate,20991.416666666668
2015,PRS,Master's/Professional,15028.833333333334
2015,PRT,Bachelor's,26250.8
2015,PRT,Doctorate,37157.0
2015,PRT,Master's/Professional,36134.6
2015,RPR,Bachelor's,34770.61111111111
2015,RPR,Doctorate,43099.77777777778
2015,RPR,Master's/Professional,35383.0
2015,SAL,Bachelor's,20714.0
2015,SAL,Doctorate,31962.14285714286
2015,SAL,Master's/Professional,24892.785714285714
2015,SCI,Bachelor's,26437.5
2015,SCI,Doctorate,46436.5
2015,SCI,Master's/Professional,37504.0
2015,TRN,Bachelor's,24393.125
2015,TRN,Doctorate,32107.5625
2015,TRN,Master's/Professional,27672.9375
2016,BUS,Bachelor's,40412.625
2016,BUS,Doctorate,47308.125
2016,BUS,Master's/Professional,42585.75
2016,CLN,Bachelor's,23714.5
2016,CLN,Doctorate,28175.333333333332
2016,CLN,Master's/Professional,23112.0
2016,CMS,Bachelor's,18749.0
2016,CMS,Doctorate,26670.5
2016,CMS,Master's/Professional,18201.75
2016,CON,Bachelor's,32609.454545454544
2016,CON,Doctorate,38605.22727272727
2016,CON,Master's/Professional,36458.72727272727
2016,EAT,Bachelor's,10058.454545454546
2016,EAT,Doctorate,16535.636363636364
2016,EAT,Master's/Professional,11826.545454545454
2016,EDU,Bachelor's,14662.5
2016,EDU,Doctorate,22072.25
2016,EDU,Master's/Professional,15601.25
2016,ENG,Bachelor's,40182.5
2016,ENG,Doctorate,51804.0
2016,ENG,Master's/Professional,47819.5
2016,ENT,Bachelor's,25189.5
2016,ENT,Doctorate,30626.25
2016,ENT,Master's/Professional,28017.0
2016,EXT,Bachelor's,52627.5
2016,EXT,Doctorate,56873.75
2016,EXT,Master's/Professional,37325.0
2016,FFF,Bachelor's,19070.2
2016,FFF,Doctorate,26619.8
2016,FFF,Master's/Professional,21909.2
2016,FIN,Bachelor's,2540.0
2016,FIN,Doctorate,18644.0
2016,FIN,Master's/Professional,15445.0
2016,HLS,Bachelor's,14294.25
2016,HLS,Doctorate,24583.0
2016,HLS,Master's/Professional,21173.75
2016,LGL,Bachelor's,49590.0
2016,LGL,Doctorate,48075.5
2016,LGL,Master's/Professional,27539.5
2016,MED,Bachelor's,78838.75
2016,MED,Doctorate,67188.625
2016,MED,Master's/Professional,66487.375
2016,MGR,Bachelor's,49621.846153846156
2016,MGR,Doctorate,52856.230769230766
2016,MGR,Master's/Professional,49979.692307692305
2016,MIL,Bachelor's,24000.0
2016,MIL,Doctorate,32290.0
2016,MIL,Master's/Professional,9710.0
2016,OFF,Bachelor's,19752.625
2016,OFF,Doctorate,30917.375
2016,OFF,Master's/Professional,23649.625
2016,PRD,Bachelor's,25811.8
2016,PRD,Doctorate,34273.64444444444
2016,PRD,Master's/Professional,27279.755555555555
2016,PRS,Bachelor's,12910.9
2016,PRS,Doctorate,20880.5
2016,PRS,Master's/Professional,14626.9
2016,PRT,Bachelor's,26208.5
2016,PRT,Doctorate,35369.0
2016,PRT,Master's/Professional,29739.75
2016,RPR,Bachelor's,29187.3
2016,RPR,Doctorate,41524.15
2016,RPR,Master's/Professional,35253.6
2016,SAL,Bachelor's,20811.5
2016,SAL,Doctorate,33278.21428571428
2016,SAL,Master's/Professional,24256.285714285714
2016,SCI,Bachelor's,3433.0
2016,SCI,Doctorate,40488.0
2016,SCI,Master's/Professional,23533.0
2016,TRN,Bachelor's,28918.75
2016,TRN,Doctorate,34226.8125
2016,TRN,Master's/Professional,29096.875
2017,BUS,Bachelor's,52792.166666666664
2017,BUS,Doctorate,51850.333333333336
2017,BUS,Master's/Professional,50460.666666666664
2017,CLN,Bachelor's,22252.666666666668
2017,CLN,Doctorate,29978.333333333332
2017,CLN,Master's/Professional,23364.333333333332
2017,CMS,Bachelor's,20129.0
2017,CMS,Doctorate,27990.75
2017,CMS,Master's/Professional,23587.75
2017,CON,Bachelor's,34547.04347826087
2017,CON,Doctorate,42902.52173913043
2017,CON,Master's/Professional,36191.434782608696
2017,EAT,Bachelor's,10398.181818181818
2017,EAT,Doctorate,17592.636363636364
2017,EAT,Master's/Professional,11469.272727272728
2017,EDU,Bachelor's,10200.666666666666
2017,EDU,Doctorate,20797.666666666668
2017,EDU,Master's/Professional,19022.166666666668
2017,ENG,Bachelor's,69519.5
2017,ENG,Doctorate,55384.5
2017,ENG,Master's/Professional,54647.0
2017,ENT,Bachelor's,11611.833333333334
2017,ENT,Doctorate,31339.333333333332
2017,ENT,Master's/Professional,15969.666666666666
2017,EXT,Bachelor's,42397.5
2017,EXT,Doctorate,52916.0
2017,EXT,Master's/Professional,48682.75
2017,FFF,Bachelor's,13218.2
2017,FFF,Doctorate,29961.2
2017,FFF,Master's/Professional,24031.2
2017,FIN,Bachelor's,21034.0
2017,FIN,Doctorate,21745.0
2017,FIN,Master's/Professional,17831.0
2017,HLS,Bachelor's,14904.0
2017,HLS,Doctorate,23546.5
2017,HLS,Master's/Professional,17831.0
2017,LGL,Bachelor's,26818.0
2017,LGL,Doctorate,44112.0
2017,LGL,Master's/Professional,32343.0
2017,MED,Bachelor's,29416.25
2017,MED,Doctorate,32131.75
2017,MED,Master's/Professional,24779.5
2017,MGR,Bachelor's,52987.769230769234
2017,MGR,Doctorate,56815.692307692305
2017,MGR,Master's/Professional,57406.230769230766
2017,MIL,Bachelor's,29023.0
2017,MIL,Doctorate,33351.0
2017,MIL,Master's/Professional,26433.0
2017,OFF,Bachelor's,20874.48148148148
2017,OFF,Doctorate,30960.0
2017,OFF,Master's/Professional,23391.333333333332
2017,PRD,Bachelor's,26568.0
2017,PRD,Doctorate,34110.69047619047
2017,PRD,Master's/Professional,28424.904761904763
2017,PRS,Bachelor's,15283.692307692309
2017,PRS,Doctorate,21254.846153846152
2017,PRS,Master's/Professional,16306.76923076923
2017,PRT,Bachelor's,26188.2
2017,PRT,Doctorate,39579.0
2017,PRT,Master's/Professional,33490.2
2017,RPR,Bachelor's,33417.68421052631
2017,RPR,Doctorate,44616.84210526316
2017,RPR,Master's/Professional,33495.52631578947
2017,SAL,Bachelor's,22211.785714285714
2017,SAL,Doctorate,33951.57142857143
2017,SAL,Master's/Professional,27177.5
2017,TRN,Bachelor's,29121.625
2017,TRN,Doctorate,33714.0
2017,TRN,Master's/Professional,31081.375
2018,BUS,Bachelor's,36511.166666666664
2018,BUS,Doctorate,47387.666666666664
2018,BUS,Master's/Professional,40457.333333333336
2018,CLN,Bachelor's,24578.0
2018,CLN,Doctorate,33502.8
2018,CLN,Master's/Professional,29224.4
2018,CMS,Bachelor's,16356.5
2018,CMS,Doctorate,32621.5
2018,CMS,Master's/Professional,31664.5
2018,CON,Bachelor's,35968.77777777778
2018,CON,Doctorate,40470.0
2018,CON,Master's/Professional,33445.88888888889
2018,EAT,Bachelor's,11180.7
2018,EAT,Doctorate,18575.1
2018,EAT,Master's/Professional,13593.9
2018,EDU,Bachelor's,15042.5
2018,EDU,Doctorate,22187.0
2018,EDU,Master's/Professional,27143.0
2018,ENG,Bachelor's,50258.0
2018,ENG,Doctorate,61943.0
2018,ENG,Master's/Professional,96461.0
2018,ENT,Bachelor's,33558.5
2018,ENT,Doctorate,36617.5
2018,ENT,Master's/Professional,18079.5
2018,EXT,Bachelor's,38272.0
2018,EXT,Doctorate,58931.333333333336
2018,EXT,Master's/Professional,53474.0
2018,FFF,Bachelor's,13034.5
2018,FFF,Doctorate,28763.75
2018,FFF,Master's/Professional,21820.0
2018,FIN,Bachelor's,48209.0
2018,FIN,Doctorate,42027.0
2018,FIN,Master's/Professional,42560.5
2018,HLS,Bachelor's,16258.0
2018,HLS,Doctorate,27002.333333333332
2018,HLS,Master's/Professional,20148.666666666668
2018,LGL,Bachelor's,28780.0
2018,LGL,Doctorate,43156.0
2018,LGL,Master's/Professional,24590.0
2018,MED,Bachelor's,30537.5
2018,MED,Doctorate,35584.5
2018,MED,Master's/Professional,28986.5
2018,MGR,Bachelor's,46233.545454545456
2018,MGR,Doctorate,54265.545454545456
2018,MGR,Master's/Professional,49912.545454545456
2018,OFF,Bachelor's,20826.8
2018,OFF,Doctorate,32022.8
2018,OFF,Master's/Professional,23851.75
2018,PRD,Bachelor's,36577.634146341465
2018,PRD,Doctorate,36417.60975609756
2018,PRD,Master's/Professional,31235.90243902439
2018,PRS,Bachelor's,9799.0
2018,PRS,Doctorate,21152.777777777777
2018,PRS,Master's/Professional,16194.666666666666
2018,PRT,Bachelor's,30092.25
2018,PRT,Doctorate,41278.0
2018,PRT,Master's/Professional,28837.0
2018,RPR,Bachelor's,32754.105263157893
2018,RPR,Doctorate,46970.05263157895
2018,RPR,Master's/Professional,35574.26315789474
2018,SAL,Bachelor's,24857.23076923077
2018,SAL,Doctorate,39776.769230769234
2018,SAL,Master's/Professional,25450.846153846152
2018,SCI,Bachelor's,53287.0
2018,SCI,Doctorate,50234.0
2018,SCI,Master's/Professional,31758.0
2018,TRN,Bachelor's,21874.9
2018,TRN,Doctorate,33178.4
2018,TRN,Master's/Professional,27634.6
2019,BUS,Bachelor's,42311.57142857143
2019,BUS,Doctorate,50430.71428571428
2019,BUS,Master's/Professional,40979.857142857145
2019,CLN,Bachelor's,25381.4
2019,CLN,Doctorate,34615.0
2019,CLN,Master's/Professional,27813.6
2019,CMS,Bachelor's,13877.0
2019,CMS,Doctorate,26172.5
2019,CMS,Master's/Professional,22647.0
2019,CON,Bachelor's,35073.73684210526
2019,CON,Doctorate,41766.84210526316
2019,CON,Master's/Professional,35449.47368421053
2019,EAT,Bachelor's,10848.8
2019,EAT,Doctorate,19203.8
2019,EAT,Master's/Professional,13890.2
2019,EDU,Bachelor's,13168.0
2019,EDU,Doctorate,24857.75
2019,EDU,Master's/Professional,20938.75
2019,ENG,Bachelor's,65269.0
2019,ENG,Doctorate,58663.5
2019,ENG,Master's/Professional,52978.5
2019,ENT,Bachelor's,18529.666666666668
2019,ENT,Doctorate,38443.0
2019,ENT,Master's/Professional,15880.0
2019,EXT,Bachelor's,47697.0
2019,EXT,Doctorate,57847.666666666664
2019,EXT,Master's/Professional,52092.333333333336
2019,FFF,Bachelor's,19500.75
2019,FFF,Doctorate,27276.5
2019,FFF,Master's/Professional,21687.0
2019,FIN,Bachelor's,24716.5
2019,FIN,Doctorate,41461.5
2019,FIN,Master's/Professional,21803.0
2019,HLS,Bachelor's,20249.5
2019,HLS,Doctorate,27846.5
2019,HLS,Master's/Professional,26186.5
2019,MED,Bachelor's,21231.0
2019,MED,Doctorate,38708.0
2019,MED,Master's/Professional,29508.5
2019,MGR,Bachelor's,60244.818181818184
2019,MGR,Doctorate,57879.72727272727
2019,MGR,Master's/Professional,55274.27272727273
2019,OFF,Bachelor's,24597.615384615383
2019,OFF,Doctorate,33423.807692307695
2019,OFF,Master's/Professional,26322.53846153846
2019,PRD,Bachelor's,30166.65
2019,PRD,Doctorate,36972.1
2019,PRD,Master's/Professional,31180.425
2019,PRS,Bachelor's,14427.6
2019,PRS,Doctorate,21786.6
2019,PRS,Master's/Professional,17954.7
2019,PRT,Bachelor's,31536.0
2019,PRT,Doctorate,42808.75
2019,PRT,Master's/Professional,44623.75
2019,RPR,Bachelor's,37055.666666666664
2019,RPR,Doctorate,48079.666666666664
2019,RPR,Master's/Professional,41890.86666666667
2019,SAL,Bachelor's,28964.909090909092
2019,SAL,Doctorate,37050.0
2019,SAL,Master's/Professional,30606.090909090908
2019,SCI,Bachelor's,42531.0
2019,SCI,Doctorate,39215.0
2019,SCI,Master's/Professional,25753.0
2019,TRN,Bachelor's,32925.61538461538
2019,TRN,Doctorate,41965.61538461538
2019,TRN,Master's/Professional,35028.07692307692
2021,BUS,Bachelor's,54018.142857142855
2021,BUS,Doctorate,53885.857142857145
2021,BUS,Master's/Professional,55429.71428571428
2021,CLN,Bachelor's,31098.6
2021,CLN,Doctorate,34477.4
2021,CLN,Master's/Professional,29373.2
2021,CMM,Bachelor's,3636.0
2021,CMM,Doctorate,66747.0
2021,CMM,Master's/Professional,53368.0
2021,CMS,Bachelor's,33499.0
2021,CMS,Doctorate,37084.0
2021,CMS,Master's/Professional,47663.0
2021,CON,Bachelor's,41986.05263157895
2021,CON,Doctorate,43208.0
2021,CON,Master's/Professional,39512.10526315789
2021,EAT,Bachelor's,10444.818181818182
2021,EAT,Doctorate,17599.272727272728
2021,EAT,Master's/Professional,11753.0
2021,EDU,Bachelor's,27342.0
2021,EDU,Doctorate,23945.0
2021,EDU,Master's/Professional,31299.5
2021,ENG,Bachelor's,94825.66666666667
2021,ENG,Doctorate,66331.66666666667
2021,ENG,Master's/Professional,90013.66666666667
2021,ENT,Bachelor's,21732.666666666668
2021,ENT,Doctorate,34559.666666666664
2021,ENT,Master's/Professional,33676.666666666664
2021,EXT,Bachelor's,49570.0
2021,EXT,Doctorate,55676.0
2021,EXT,Master's/Professional,62191.0
2021,FFF,Bachelor's,16788.8
2021,FFF,Doctorate,31196.6
2021,FFF,Master's/Professional,23936.4
2021,HLS,Bachelor's,16440.5
2021,HLS,Doctorate,26941.5
2021,HLS,Master's/Professional,19152.5
2021,LGL,Bachelor's,82551.0
2021,LGL,Doctorate,51565.0
2021,LGL,Master's/Professional,23126.0
2021,MED,Bachelor's,45332.5
2021,MED,Doctorate,36945.75
2021,MED,Master's/Professional,32858.75
2021,MGR,Bachelor's,60853.166666666664
2021,MGR,Doctorate,59110.916666666664
2021,MGR,Master's/Professional,55593.25
2021,MIL,Bachelor's,32533.0
2021,MIL,Doctorate,38463.0
2021,MIL,Master's/Professional,20885.0
2021,OFF,Bachelor's,24198.916666666668
2021,OFF,Doctorate,33954.958333333336
2021,OFF,Master's/Professional,28569.458333333332
2021,PRD,Bachelor's,29604.53846153846
2021,PRD,Doctorate,38269.8717948718
2021,PRD,Master's/Professional,31554.25641025641
2021,PRS,Bachelor's,16451.222222222223
2021,PRS,Doctorate,24329.444444444445
2021,PRS,Master's/Professional,17847.11111111111
2021,PRT,Bachelor's,28852.75
2021,PRT,Doctorate,41404.25
2021,PRT,Master's/Professional,31644.25
2021,RPR,Bachelor's,43739.71428571428
2021,RPR,Doctorate,48739.71428571428
2021,RPR,Master's/Professional,39436.71428571428
2021,SAL,Bachelor's,25045.23076923077
2021,SAL,Doctorate,41768.692307692305
2021,SAL,Master's/Professional,31863.23076923077
2021,SCI,Bachelor's,51088.0
2021,SCI,Doctorate,55760.0
2021,SCI,Master's/Professional,66225.0
2021,TRN,Bachelor's,32636.75
2021,TRN,Doctorate,38604.666666666664
2021,TRN,Master's/Professional,35752.666666666664
